0000000e+003 3 1 0 0
 31 1.2337000000e+005 1.1497800000e+005 -1 -1 8.000000 5.400000 43.200000 8.1000000000e+001 3 1 0 0
 32 1.2336400000e+005 1.1496200000e+005 -1 -1 72.000000 29.800000 2145.600000 4.0920000000e+003 8 1 0 0
 33 1.2346100000e+005 1.1673000000e+005 -1 -1 64.000000 32.500000 2080.000000 4.0920000000e+003 3 1 0 0
 34 1.2440800000e+005 1.1634800000e+005 -1 -1 8.000000 2.700000 21.600000 4.9000000000e+001 0 1 0 0
 35 1.2442400000e+005 1.1633300000e+005 -1 -1 72.000000 27.100000 1951.200000 4.0920000000e+003 8 1 0 0
 36 2.4219000000e+004 1.1841000000e+005 -1 -1 40.000000 24.400000 976.000000 2.6130000000e+003 3 1 0 0
 37 1.2322800000e+005 1.1831800000e+005 -1 -1 16.000000 2.700000 43.200000 3.9000000000e+001 0 1 0 0
 38 1.1594800000e+005 1.2145200000e+005 0 -1 80.000000 35.200000 2816.000000 4.0940000000e+003 6 1 0 0
 39 1.1740300000e+005 1.2031000000e+005 -1 -1 88.000000 37.900000 3335.200000 4.0920000000e+003 6 1 0 0
 40 1.1740700000e+005 1.2034500000e+005 -1 -1 8.000000 2.700000 21.600000 4.0000000000e+001 0 1 0 0
 41 1.2301900000e+005 1.2082900000e+005 -1 -1 56.000000 29.800000 1668.800000 4.0920000000e+003 3 1 0 0
 42 1.2389800000e+005 1.2238300000e+005 -1 -1 8.000000 2.700000 21.600000 6.0000000000e+001 0 1 0 0
 43 1.2387300000e+005 1.2237100000e+005 -1 -1 72.000000 21.600000 1555.200000 4.0940000000e+003 8 1 0 0
 44 1.2387300000e+005 1.2238700000e+005 -1 -1 16.000000 2.700000 43.200000 1.1900000000e+002 6 1 0 0
 45 1.2413100000e+005 1.3046800000e+005 -1 0 64.000000 29.800000 1907.200000 4.0560000000e+003 3 1 0 0
 46 1.2334600000e+005 1.3265400000e+005 -1 -1 8.000000 2.700000 21.600000 6.0000000000e+001 3 1 0 0
 47 1.2335200000e+005 1.3264000000e+005 -1 -1 56.000000 21.600000 1209.600000 3.8700000000e+003 3 1 0 0
 48 1.1844200000e+005 1.3467300000e+005 -1 -1 24.000000 10.800000 259.200000 7.1000000000e+001 6 1 0 0
 49 1.1839700000e+005 1.3473500000e+005 -1 -1 88.000000 59.600000 5244.800000 4.0920000000e+003 6 1 0 0
 50 1.1839400000e+005 1.3470000000e+005 0 -1 8.000000 5.400000 43.200000 3.7000000000e+001 0 1 0 0
 51 1.2618800000e+005 1.3766600000e+005 -1 -1 72.000000 35.200000 2534.400000 4.0920000000e+003 8 1 0 0
SummarySpec 5 TESTNO NDEFECT DEFDENSITY NDIE NDEFDIE ;
SummaryList
 1 72 0.505263 4 4;
EndOfFile;
