FileVersion 1 1;
FileTimestamp 09-29-17 00:32:10;
InspectionStationID "" "NONE" "TID01";       
SampleType WAFER;
ResultTimestamp 09-29-17 00:32:10;
LotID "1234567890";				
SampleSize 1 XXX;					
SetupID "PRODUCT01_STEP01" 09-29-17 00:32:10;
StepID "STEP01";
DeviceID "PRODUCT01";
SampleOrientationMarkType XXXX;		
OrientationMarkLocation DOWN;
DiePitch X.X000000000e+00X X.X000000000e+00X;		
DieOrigin 0.000000 0.000000;
WaferID "XX";					
Slot XX;				
SampleCenterLocation 0.0000000000e+000 0.0000000000e+000;
ClassLookup 11
 0 "NO.CLASS"
 1 "DEFECT_TYPE1"	
 2 "DEFECT_TYPE2"
 3 "DEFECT_TYPE3"
 4 "DEFECT_TYPE4"
 5 "DEFECT_TYPE5"
 6 "DEFECT_TYPE6"
 7 "DEFECT_TYPE7"
 8 "DEFECT_TYPE8"
 9 "DEFECT_TYPE9"
 10 "DEFECT_TYPE10"
InspectionTest 1;
SampleTestPlan 4
     0     0
     0    -1
    -1     0
    -1    -1;
AreaPerTest X.XXX0000000e+0XX;
DefectRecordSpec 13 DEFECTID XREL YREL XINDEX YINDEX XSIZE YSIZE DEFECTAREA DSIZE CLASSNUMBER TEST IMAGECOUNT IMAGELIST ;
DefectList
 1 1.2388400000e+005 8.6859000000e+004 0 -1 72.000000 32.500000 2340.000000 4.0690000000e+003 6 1 0 0
 2 1.2361500000e+005 8.6095000000e+004 -1 -1 32.000000 13.500000 432.000000 7.8000000000e+001 61 1 0 0
 3 1.2356400000e+005 8.6153000000e+004 -1 -1 104.000000 67.700000 7040.800000 4.0940000000e+003 6 1 0 0
 4 1.2141500000e+005 8.7698000000e+004 -1 -1 32.000000 18.900000 604.800000 7.0500000000e+002 3 1 0 0
 5 1.2180600000e+005 8.9838000000e+004 -1 0 8.000000 2.700000 21.600000 5.5000000000e+001 0 1 0 0
 6 1.2182500000e+005 8.9826000000e+004 -1 -1 80.000000 27.100000 2168.000000 4.0920000000e+003 6 1 0 0
 7 1.2183900000e+005 8.9843000000e+004 -1 -1 32.000000 8.100000 259.200000 7.4000000000e+001 3 1 0 0
 8 1.2004600000e+005 9.2502000000e+004 -1 -1 8.000000 5.400000 43.200000 2.8000000000e+002 3 1 0 0
 9 1.2501800000e+005 9.2212000000e+004 -1 -1 8.000000 8.100000 64.800000 4.0000000000e+001 0 1 0 0
 10 1.2505100000e+005 9.2250000000e+004 -1 -1 88.000000 70.400000 6195.200000 4.0940000000e+003 6 1 0 0
 11 1.2509400000e+005 9.2190000000e+004 -1 -1 16.000000 8.100000 129.600000 4.9000000000e+001 0 1 0 0
 12 1.2355200000e+005 9.5750000000e+004 -1 -1 64.000000 32.500000 2080.000000 4.0940000000e+003 3 1 0 0
 13 1.2341800000e+005 9.5257000000e+004 0 -1 72.000000 32.500000 2340.000000 4.0920000000e+003 8 1 0 0
 14 1.2401500000e+005 9.9373000000e+004 -1 -1 56.000000 27.100000 1517.600000 4.0920000000e+003 3 1 0 0
 15 1.2291300000e+005 1.0023400000e+005 -1 -1 88.000000 32.500000 2860.000000 4.0940000000e+003 6 1 0 0
 16 1.2291400000e+005 1.0026300000e+005 -1 0 32.000000 13.500000 432.000000 7.6000000000e+001 6 1 0 0
 17 1.2293400000e+005 1.0025300000e+005 -1 -1 8.000000 2.700000 21.600000 4.0000000000e+001 0 1 0 0
 18 1.2296900000e+005 1.0016800000e+005 -1 -1 24.000000 10.800000 259.200000 4.9000000000e+001 0 1 0 0
 19 1.2231900000e+005 1.0369900000e+005 -1 -1 56.000000 29.800000 1668.800000 4.0460000000e+003 3 1 0 0
 20 1.2662600000e+005 1.0550100000e+005 -1 0 32.000000 27.100000 867.200000 6.4000000000e+001 6 1 0 0
 21 1.2664800000e+005 1.0559000000e+005 -1 -1 16.000000 21.600000 345.600000 4.4000000000e+001 0 1 0 0
 22 1.2669200000e+005 1.0576800000e+005 -1 -1 8.000000 2.700000 21.600000 3.9000000000e+001 0 1 0 0
 23 1.2669500000e+005 1.0566800000e+005 -1 -1 120.000000 116.500000 13980.000000 4.0940000000e+003 6 1 0 0
 24 1.2675400000e+005 1.0559100000e+005 -1 0 56.000000 67.700000 3791.200000 1.2400000000e+002 3 1 0 0
 25 1.2562600000e+005 1.0651200000e+005 -1 -1 72.000000 37.900000 2728.800000 4.0940000000e+003 8 1 0 0
 26 1.2384000000e+005 1.0664700000e+005 -1 -1 8.000000 5.400000 43.200000 4.8000000000e+001 0 1 0 0
 27 1.2383600000e+005 1.0661400000e+005 -1 -1 80.000000 40.600000 3248.000000 4.0920000000e+003 6 1 0 0
 28 1.2302300000e+005 1.0947000000e+005 -1 -1 32.000000 13.500000 432.000000 1.8600000000e+002 6 1 0 0
 29 1.2530800000e+005 1.1243000000e+005 0 -1 72.000000 24.400000 1756.800000 4.0940000000e+003 8 1 0 0
 30 1.2397600000e+005 1.1515400000e+005 -1 -1 64.000000 32.500000 2080.000000 4.0920000000e+003 3 1 0 0
 31 1.2337000000e+005 1.1497800000e+005 -1 -1 8.000000 5.400000 43.200000 8.1000000000e+001 3 1 0 0
 32 1.2336400000e+005 1.1496200000e+005 -1 -1 72.000000 29.800000 2145.600000 4.0920000000e+003 8 1 0 0
 33 1.2346100000e+005 1.1673000000e+005 -1 -1 64.000000 32.500000 2080.000000 4.0920000000e+003 3 1 0 0
 34 1.2440800000e+005 1.1634800000e+005 -1 -1 8.000000 2.700000 21.600000 4.9000000000e+001 0 1 0 0
 35 1.2442400000e+005 1.1633300000e+005 -1 -1 72.000000 27.100000 1951.200000 4.0920000000e+003 8 1 0 0
 36 2.4219000000e+004 1.1841000000e+005 -1 -1 40.000000 24.400000 976.000000 2.6130000000e+003 3 1 0 0
 37 1.2322800000e+005 1.1831800000e+005 -1 -1 16.000000 2.700000 43.200000 3.9000000000e+001 0 1 0 0
 38 1.1594800000e+005 1.2145200000e+005 0 -1 80.000000 35.200000 2816.000000 4.0940000000e+003 6 1 0 0
 39 1.1740300000e+005 1.2031000000e+005 -1 -1 88.000000 37.900000 3335.200000 4.0920000000e+003 6 1 0 0
 40 1.1740700000e+005 1.2034500000e+005 -1 -1 8.000000 2.700000 21.600000 4.0000000000e+001 0 1 0 0
 41 1.2301900000e+005 1.2082900000e+005 -1 -1 56.000000 29.800000 1668.800000 4.0920000000e+003 3 1 0 0
 42 1.2389800000e+005 1.2238300000e+005 -1 -1 8.000000 2.700000 21.600000 6.0000000000e+001 0 1 0 0
 43 1.2387300000e+005 1.2237100000e+005 -1 -1 72.000000 21.600000 1555.200000 4.0940000000e+003 8 1 0 0
 44 1.2387300000e+005 1.2238700000e+005 -1 -1 16.000000 2.700000 43.200000 1.1900000000e+002 6 1 0 0
 45 1.2413100000e+005 1.3046800000e+005 -1 0 64.000000 29.800000 1907.200000 4.0560000000e+003 3 1 0 0
 46 1.2334600000e+005 1.3265400000e+005 -1 -1 8.000000 2.700000 21.600000 6.0000000000e+001 3 1 0 0
 47 1.2335200000e+005 1.3264000000e+005 -1 -1 56.000000 21.600000 1209.600000 3.8700000000e+003 3 1 0 0
 48 1.1844200000e+005 1.3467300000e+005 -1 -1 24.000000 10.800000 259.200000 7.1000000000e+001 6 1 0 0
 49 1.1839700000e+005 1.3473500000e+005 -1 -1 88.000000 59.600000 5244.800000 4.0920000000e+003 6 1 0 0
 50 1.1839400000e+005 1.3470000000e+005 0 -1 8.000000 5.400000 43.200000 3.7000000000e+001 0 1 0 0
 51 1.2618800000e+005 1.3766600000e+005 -1 -1 72.000000 35.200000 2534.400000 4.0920000000e+003 8 1 0 0
SummarySpec 5 TESTNO NDEFECT DEFDENSITY NDIE NDEFDIE ;
SummaryList
 1 72 0.505263 4 4;
EndOfFile;
Name: Chevrolet 
Power: 1995 
Toughness: 10000 


Name: Chevrolet 
Power: 2000 
Toughness: 12000 


Make: Chevrolet 
Year: 1995 
Miles: 1000 


Make: Mazda 
Year: 2007 
Miles: 15000 


